22.148257087918857,36.021352030258306,61.835
28.02478651848316,51.76978531883887,64.757
22.80784651489369,55.40803051561291,65.731
26.78817682057688,48.208956020699645,66.218
22.312446803635765,53.09804543546757,67.679
20.561407979613346,39.097290608019165,67.679
22.21693883182397,38.91564264130072,65.731
22.53706323927963,37.31457817100871,65.244
25.58615469452963,46.284783997939144,65.244
20.008322271889885,36.12898386192795,64.27
24.6252110275411,59.53898026218772,66.218
26.5270757915312,49.978357337405946,66.218
24.12325852075439,42.50953290128036,66.705
23.930337075222162,49.29149772949504,67.679
27.520891179970235,52.86819328053909,67.192
25.419977068403593,34.165340374665476,66.218
22.489089275207093,58.99478035187548,67.192
23.341298984172546,38.7437421877731,65.731
23.066383657833164,43.74627538502773,66.705
23.47285594570565,56.173555829025204,66.218
22.919299864214004,59.78480032930402,66.705
28.463601526443384,46.88767500525571,67.192
22.751825086551715,55.34089460072323,66.705
23.515510357530836,54.5834301604296,66.218
28.90310753904637,39.10132618384351,67.192
21.255587225680024,31.471163041668746,66.705
22.555527583357954,57.30307538420928,66.705
24.348222134079514,51.41482963909483,66.218
24.868288507141187,54.79996814014858,66.705
26.467248144070638,42.58863207487953,67.192
28.90593172003499,47.108735242294884,66.218
20.96246656414779,55.42047476342596,66.705
21.646519123017523,54.81911750629142,66.218
25.11422895310234,43.49527968786043,66.705
25.885860733477593,43.49363039285359,67.192
20.639615714074868,45.11964320935828,67.192
21.124672087453543,59.48360019163084,67.679
25.023919825179043,47.622678014512616,66.218
22.564079038066986,36.97893053087655,66.218
22.006893002991056,37.15108784342942,65.731
23.082205363849827,32.72235172205627,65.731
27.570996534192176,53.17531208944076,66.705
20.503815051651756,30.82518534712159,66.705
27.683915412124268,58.175089665622025,65.731
23.835011609838567,30.444479790065294,66.218
20.125478423709026,57.81003012673937,66.218
20.052515115626175,53.736128698314744,66.705
20.065278010703626,30.915875735828774,66.705
23.315902987623474,50.86809697223628,67.192
28.543257407530895,30.197836545883426,65.731
22.137498330279975,33.145658589929624,65.244
20.090579759600068,38.18293372102004,65.731
23.083105517647862,44.48998556187999,68.166
25.342281930858338,58.695462379739034,66.218
20.05058706153386,41.19939338823664,67.192
25.799445732597693,50.89417080960657,66.705
29.760193345230526,30.32106585570459,66.218
29.199050277991745,53.770601463539876,66.705
25.49486659900083,38.00557799629515,66.705
20.52972895162361,39.18598903162486,68.166
21.122610347339048,53.19738380309876,66.218
21.082513267870347,46.000419557037404,65.731
20.99061379980586,53.82658846464145,65.244
28.36019819843834,40.64677910355422,66.218
20.57463457477498,44.546953984401654,65.244
24.09680596175261,33.78793907362777,65.244
29.981781403248704,56.638755657086485,65.244
20.8682783478833,44.66098392400502,65.731
21.315335565706217,56.43235471555664,66.218
26.499650056579974,33.78967464335129,65.731
29.955909089093662,32.8940613274302,65.731
20.626844002614682,56.137728134153164,66.218
22.82456561882357,51.293897851385815,65.731
23.62829939956499,58.339434006944316,64.757
21.112727670622096,37.093635580845934,66.218
23.254715432387105,58.89830815825097,64.757
21.299117457486886,30.69552274584459,64.757
27.23402845610262,47.08124200766548,65.731
24.363940416622086,49.63129829591324,65.244
22.11674077382846,51.62063915746932,65.244
20.79092658489232,53.17457465109558,65.731
21.588110671209474,46.84242290811925,64.757
27.101239589856405,45.12414725137873,65.244
26.419355179655014,53.54431743046711,64.27
24.88959878858573,31.598120856323447,65.244
24.3651695303006,58.7200592037101,65.244
25.89537922610221,38.11022384570231,64.757
27.345195827824234,51.08425171820619,64.757
24.63618636487651,47.51236872571977,65.731
20.2013235400986,57.142192238664336,65.731
26.667483919671053,34.25098486086227,64.757
26.221033191692186,48.57523519139639,65.731
28.01282471987576,55.38787696731756,65.731
21.883798062890023,37.56007047490881,65.244
27.573235312683465,36.205491280596924,65.244
23.13097768074275,54.68502307583327,64.757
27.519901460933493,53.79097794001089,65.731
21.982154964304634,37.686328917435496,64.757
21.62586448971421,59.48130719016844,65.244
23.23360944332231,43.093557455533045,64.27
26.33523096267988,42.88026691285395,64.757
24.925627314558632,47.958059130283786,66.705
25.4857548026236,44.37250581213323,65.244
24.736383532442282,44.75664776959505,64.757
29.600001687905205,50.404942346125125,64.757
26.854453850333904,57.676632994918954,65.244
27.11943853365925,58.666338782735245,64.757
23.129129733305543,58.30895151240606,65.244
24.81840675693863,51.36679266290252,64.757
27.18679311617162,51.249729507224366,65.731
23.053812036442483,54.5204485590242,64.27
28.56452123992912,53.54199643854652,65.244
22.494743201760997,35.651441244171885,64.27
20.818181667798335,48.96459052523875,65.731
20.090165722998915,45.69047944990438,66.705
21.44581917523431,56.90859090812141,66.705
27.556532202847105,38.715187840257045,66.705
25.4976305220369,36.15934673088384,65.244
29.194151997230136,55.84793917176321,65.731
21.707602796565066,45.94153593525709,66.218
26.11032325241804,39.62798604624605,65.244
24.076515592202675,44.55193815853965,65.731
20.08560831486923,55.229471962862455,65.244
27.598433276403867,43.845290271847134,66.705
23.78052085459312,47.77683718673708,64.757
24.714616305641318,32.89037258547903,65.244
24.330556873204454,52.059485192607085,65.731
29.21858448304487,47.455790635983305,64.27
28.696480063403303,56.33414489159033,65.731
29.780496599043886,52.774513414925124,65.731
25.281459957672876,34.558341189659416,65.731
25.227217116465063,51.48901308912675,65.244
20.927730604687113,36.18972011394497,65.731
25.609916774731577,44.88191773370335,64.757
21.691663907214554,43.492312015435026,65.244
24.587581181128392,31.24623545642494,66.218
25.11341302877927,32.578282969935955,66.705
27.546252632206986,57.510422771018106,69.14
27.67804603560752,34.66124555082917,70.601
28.588023896308762,47.79547344447422,66.705
29.168842753274113,33.78600456471428,69.14
21.37793910499213,57.51122679398209,67.192
29.672798800133616,43.73487751130413,67.192
29.04620695013055,37.72242372189474,67.192
22.82164629308368,53.31889434174763,66.705
25.31108459371367,59.50861392621282,66.218
24.93996639725505,57.64954155615018,66.705
28.70945079631365,30.052778564908696,66.705
21.27167804613013,52.21575878412584,67.192
27.328184515599585,56.17179557436279,66.218
26.251009017375047,36.45805585688115,67.192
22.602808002920206,49.970023518271354,66.705
25.467443587021528,55.296476978648,66.218
23.368540187658272,46.79017159862412,67.192
22.42352681408807,45.82074513168784,65.731
27.836367239732162,32.24080882639341,66.218
22.29294981668791,56.69579315499937,65.731
28.892381020205704,56.834697977163174,66.705
24.688433892421305,30.396216166331353,66.218
24.96495301078121,38.61295051713929,66.218
29.69959603759868,30.28322363254255,66.218
29.03041131819952,51.41859080912224,65.731
20.438793895553268,43.07259225732554,64.757
25.23074355747209,55.40733808394782,66.218
27.259551545308426,50.57402418329469,66.218
25.504363577491397,56.949229437358376,65.731
25.046126827711138,45.85459592289563,66.705
20.38589388486299,42.722793653975344,65.244
26.147292835813097,57.076777537161334,67.192
21.569918575652466,55.978172272723626,65.244
28.58255734755101,50.07087854526563,65.244
27.310632751177845,49.47932145590274,66.218
27.51475121858643,52.59713764998004,65.731
29.644928402385304,33.97267105330025,65.244
28.336059170915362,59.44707604540015,65.731
29.915949433115138,53.034725924452566,66.218
23.511008129939345,46.42764917964137,65.244
28.540604081409516,52.77294507542511,65.731
29.661528554570584,58.842667950482166,66.705
29.110718563783813,55.68553603197192,64.757
24.13553151275707,30.478744119617627,65.731
26.232698849304594,59.08775410595628,65.244
26.96515231646306,42.09221265782536,64.27
24.18237219099825,38.40230409738431,65.731
20.93068416052492,40.63031048144095,65.244
27.307780190250497,48.59696320505716,65.731
25.381885615941286,39.99867861889125,65.244
24.951483903825746,33.65042900476234,66.218
26.95631587013816,50.55675178095012,65.731
27.03245873324938,43.149169908878044,65.244
22.550423961998174,59.93672466932284,65.731
28.60850070115164,32.2594995736385,65.244
25.797208538859998,42.65209739805004,65.244
21.918911860179072,48.381841660198745,65.244
26.723169945244305,50.56926522102375,64.757
25.808803423613377,37.00870112627031,64.757
20.276522336797484,42.86946752225999,65.244
24.203701763330457,32.97837418031903,64.757
28.479856434801405,33.75131745010383,65.731
28.78785591218139,46.912759645312924,65.244
22.09980000615391,33.11227497617294,64.757
26.371370218093833,40.24301687688752,64.757
23.20997353228394,57.46624736434804,65.244
21.733526808370343,58.29289791688519,64.757
22.0,30.0,63.783
24.6,25.0,62.809
24.5,25.0,65.244
0,0,64.757
25.0,87.0,64.757
25.8,93.0,67.192
26.6,95.0,64.757
27.4,93.0,64.27
28.1,88.0,64.27
28.7,82.0,64.757
29.2,52.0,64.27
0,0,63.296
29.6,30.0,64.757
29.6,26.0,64.27
0,0,64.27
0,0,63.783
0,0,63.783
0,0,64.757
0,0,64.757
0,0,63.783
28.7,22.0,63.783
28.5,22.0,65.244
28.2,22.0,64.27
28.0,22.0,64.757
27.9,21.0,63.783
27.7,21.0,64.757
0,0,65.244
27.3,22.0,63.783
27.1,22.0,64.27
0,0,63.783
26.8,22.0,64.27
26.7,23.0,63.296
0,0,64.757
0,0,65.244
26.1,23.0,64.27
26.0,24.0,65.244
25.9,23.0,64.757
25.8,23.0,62.809
0,0,64.27
0,0,63.783
0,0,64.757
25.3,24.0,63.783
25.2,24.0,64.27
25.1,24.0,64.757
25.0,24.0,64.27
0,0,63.783
0,0,64.27
24.8,24.0,64.27
24.7,25.0,65.731
0,0,63.783
24.5,25.0,64.27
24.5,25.0,63.783
24.5,25.0,64.757
0,0,63.296
24.3,25.0,64.27
24.2,26.0,63.783
24.2,26.0,64.757
24.1,26.0,64.27
24.1,26.0,64.27
24.0,26.0,65.244
0,0,64.27
24.0,26.0,63.296
0,0,64.757
23.9,26.0,63.783
23.8,26.0,67.192
23.8,27.0,65.731
23.7,27.0,64.757
23.6,27.0,65.244
23.6,27.0,64.757
23.6,27.0,65.244
23.5,27.0,64.757
23.4,27.0,65.244
23.4,27.0,64.757
0,0,64.27
23.3,27.0,64.757
0,0,65.244
23.3,27.0,64.27
0,0,65.244
23.2,27.0,64.27
23.2,27.0,65.244
0,0,64.27
0,0,63.783
0,0,64.757
23.1,27.0,64.757
0,0,65.244
23.1,28.0,64.757
23.0,28.0,63.783
23.0,28.0,65.731
0,0,65.244
0,0,64.757
0,0,64.27
22.9,28.0,64.757
22.9,28.0,64.27
22.9,28.0,65.731
22.9,28.0,64.757
22.9,28.0,64.757
22.8,28.0,65.244
22.8,28.0,64.757
0,0,64.757
0,0,64.757
22.8,28.0,64.27
22.8,29.0,65.731
22.8,28.0,64.757
22.7,28.0,64.757
0,0,65.731
0,0,65.731
22.6,28.0,68.653
22.6,28.0,68.653
22.6,29.0,66.705
0,0,66.218
0,0,66.218
0,0,66.218
0,0,65.731
0,0,65.731
0,0,65.731
22.5,29.0,64.27
22.5,29.0,66.218
22.5,29.0,65.244
22.5,29.0,65.731
22.5,29.0,65.731
22.5,29.0,64.757
0,0,65.244
22.5,29.0,65.731
22.5,29.0,64.757
22.5,29.0,65.731
22.5,29.0,64.27
22.5,29.0,64.757
22.5,29.0,66.218
0,0,65.244
22.5,29.0,66.705
22.5,29.0,65.244
22.5,29.0,65.244
22.5,29.0,65.244
22.4,29.0,65.244
22.4,29.0,64.757
0,0,66.218
0,0,64.757
22.4,29.0,65.731
22.4,29.0,65.731
22.4,29.0,65.244
22.4,29.0,65.731
22.4,29.0,65.244
0,0,64.27
0,0,65.244
0,0,64.27
22.4,29.0,65.244
0,0,64.27
22.4,29.0,64.27
22.4,29.0,65.731
0,0,65.244
22.4,29.0,65.244
0,0,66.705
0,0,65.731
0,0,65.731
0,0,65.731
22.4,29.0,65.244
22.3,29.0,65.731
22.3,29.0,64.757
22.3,29.0,64.757
22.3,29.0,65.244
22.4,29.0,65.244
0,0,65.244
22.3,29.0,65.731
22.3,29.0,66.218
0,0,65.731
22.3,29.0,64.757
0,0,65.731
22.3,29.0,66.218
0,0,65.244
22.3,29.0,65.731
22.3,29.0,65.244
0,0,65.731
0,0,66.218
22.3,29.0,65.731
22.3,29.0,65.731
22.3,29.0,65.731
22.3,29.0,66.218
22.3,29.0,65.244
22.3,29.0,66.218
22.3,29.0,66.218
22.3,29.0,65.731
22.3,29.0,66.218
22.3,29.0,65.731
0,0,66.218
0,0,66.218
0,0,65.244
22.3,29.0,65.731
0,0,65.731
0,0,65.731
27.9,47.94,65.24
22.3,30.0,64.76
24.01,40.9,67.19
29.22,49.9,67.19
22.3,30.0,65.73
22.3,30.0,68.17
22.3,30.0,66.7
22.22,43.11,65.73
22.3,29.0,65.73
25.54,58.09,66.7
25.46,53.22,65.24
22.54,34.52,66.7
22.3,29.0,66.22
27.18,50.86,67.68
27.41,52.61,66.22
24.18,51.98,66.22
22.3,29.0,66.7
26.56,42.45,67.19
22.3,29.0,67.68
27.68,42.15,68.65
22.3,29.0,66.7
22.3,29.0,66.7
22.3,29.0,66.22
22.3,29.0,67.19
22.85,48.8,66.22
23.46,52.2,66.7
22.3,29.0,66.22
22.3,29.0,65.24
22.3,29.0,66.22
22.3,29.0,66.22
22.3,29.0,65.73
22.3,29.0,65.73
22.3,29.0,67.19
21.2,57.49,65.24
29.12,45.09,66.22
22.3,29.0,67.19
20.84,46.29,66.22
22.3,29.0,66.7
24.81,57.93,66.22
25.46,50.91,66.7
22.3,29.0,66.22
26.58,59.02,67.68
22.84,42.3,66.22
22.24,35.54,67.19
22.55,41.57,67.19
22.3,29.0,67.68
22.3,29.0,66.22
27.48,40.52,67.19
29.28,31.24,68.65
29.7,30.41,66.7
22.3,29.0,67.68
26.29,31.79,67.68
22.77,44.29,67.68
24.15,50.96,68.65
22.3,29.0,67.19
21.69,52.13,67.19
22.3,29.0,66.7
29.4,40.32,67.19
22.3,29.0,66.22
22.3,29.0,66.7
22.3,29.0,66.7
24.81,58.16,65.73
28.9,37.4,66.7
22.3,29.0,67.19
22.13,38.76,66.22
22.84,52.02,66.22
24.19,51.87,66.7
22.3,29.0,67.19
20.54,31.73,65.73
22.3,29.0,65.73
24.85,31.32,65.24
25.32,32.76,66.7
26.37,52.46,66.7
22.3,29.0,65.73
28.03,57.13,66.22
22.3,29.0,66.7
22.3,29.0,67.19
22.3,29.0,65.73
24.95,32.89,65.73
22.3,29.0,66.22
22.3,29.0,66.7
20.21,58.93,66.7
23.64,30.46,68.65
23.0,52.85,68.65
22.3,29.0,66.7
21.57,40.58,66.7
29.53,44.09,67.19
22.3,29.0,66.7
29.53,35.34,68.65
22.3,29.0,67.19
22.3,29.0,67.68
22.3,29.0,65.73
22.2,29.0,66.22
22.67,53.77,68.65
27.95,55.31,68.65
24.48,41.06,69.14
22.59,52.13,69.14
22.2,29.0,66.7
22.3,29.0,67.68
20.63,55.08,68.65
25.31,40.18,68.65
25.79,49.23,68.17
20.61,51.25,68.65
22.3,29.0,69.14
26.94,57.96,67.68
24.58,39.56,67.19
20.99,51.59,68.17
22.2,29.0,66.22
22.2,29.0,67.68
22.2,29.0,68.17
22.2,29.0,67.19
22.2,29.0,67.68
22.2,29.0,67.19
22.2,29.0,65.24
22.2,29.0,66.7
29.42,54.57,66.22
22.2,29.0,66.22
22.3,29.0,66.22
22.3,29.0,67.19
22.3,29.0,67.68
27.75,55.85,67.19
29.51,38.36,67.68
22.3,29.0,66.22
22.3,29.0,65.73
22.2,29.0,66.7
22.2,29.0,65.73
25.34,53.87,65.24
22.2,29.0,67.68
22.2,29.0,67.68
22.2,29.0,67.19
22.2,29.0,67.68
26.49,30.93,68.17
22.2,29.0,67.19
25.31,41.11,66.7
26.76,40.34,66.7
20.08,54.77,67.19
26.43,41.12,67.19
22.2,29.0,66.7
22.2,29.0,67.19
26.37,49.95,67.19
22.75,49.02,67.19
22.2,29.0,66.7
26.28,42.14,66.7
22.2,29.0,66.7
28.45,30.27,67.19
22.2,29.0,67.19
22.76,48.2,65.73
22.2,29.0,65.24
22.2,29.0,65.73
22.2,29.0,65.24
23.37,49.88,66.7
23.38,57.37,65.73
22.2,29.0,66.7
22.2,29.0,68.17
27.0,38.22,66.22
22.2,29.0,67.68
24.7,53.9,67.19
22.2,29.0,65.24
22.58,31.83,66.22
27.27,38.57,66.22
22.1,29.0,66.7
23.72,36.87,67.68
20.78,57.42,67.19
22.1,29.0,66.22
28.87,44.23,66.7
21.06,36.73,66.7
29.57,32.86,66.7
22.1,29.0,66.7
22.1,29.0,65.73
22.1,29.0,66.22
23.25,39.53,66.7
22.1,29.0,67.68
22.1,29.0,67.68
22.1,29.0,67.19
22.1,29.0,67.19
25.23,31.83,66.7
24.3,30.65,66.7
28.27,55.24,67.19
25.71,51.83,66.22
23.5,40.77,67.68
22.1,29.0,66.7
28.4,52.42,66.7
22.1,29.0,66.7
27.49,58.6,65.73
23.0,49.09,65.73
22.1,29.0,66.7
22.1,30.0,66.7
22.1,29.0,66.7
22.1,29.0,66.7
20.06,56.7,66.7
29.29,37.1,67.19
23.01,43.61,68.65
22.1,29.0,67.19
23.86,58.56,67.68
22.1,29.0,67.19
28.17,43.02,66.7
22.2,29.0,65.73
22.1,29.0,67.19
22.2,29.0,66.7
22.2,29.0,66.22
22.2,29.0,66.7
22.2,29.0,67.19
22.22,51.84,66.7
24.57,37.22,66.7
22.2,29.0,66.7
25.94,52.11,66.22
22.2,29.0,66.7
24.54,44.32,66.22
21.18,57.35,66.7
21.74,44.49,65.73
22.2,29.0,65.73
22.2,29.0,65.73
22.2,29.0,65.24
22.2,29.0,66.22
22.2,29.0,65.73
22.2,29.0,64.76
22.2,29.0,66.22
22.2,29.0,66.22
22.2,29.0,66.7
21.35,54.27,65.73
23.82,51.91,64.76
22.2,29.0,67.19
23.95,42.84,66.22
22.2,29.0,65.73
22.2,29.0,65.73
22.2,29.0,65.73
25.34,44.83,66.7
23.24,37.6,65.24
21.7,35.13,65.24
26.42,57.02,66.7
26.21,41.82,66.7
25.63,58.61,67.68
21.57,40.53,68.17
22.2,29.0,67.19
22.2,29.0,64.27
28.35,51.05,66.7
22.2,29.0,67.19
22.2,29.0,66.22
22.2,29.0,66.22
22.2,29.0,66.7
29.15,41.58,65.73
28.75,52.6,66.22
22.2,29.0,66.22
22.2,29.0,66.7
22.2,29.0,63.3
22.23,55.06,64.27
26.56,44.12,63.78
23.34,59.1,64.76
22.4,33.0,65.24
22.4,31.0,67.19
28.7,49.79,65.73
22.4,30.0,63.3
22.4,29.0,66.7
22.4,29.0,64.27
22.4,29.0,63.78
22.4,29.0,65.73
22.4,29.0,64.27
22.4,29.0,65.24
22.4,29.0,63.78
22.5,29.0,65.24
22.4,29.0,65.73
22.4,29.0,63.78
26.63,31.64,67.19
25.2,53.4,66.7
22.4,29.0,66.22
25.36,39.12,66.7
22.4,29.0,66.22
23.69,49.89,66.7
24.65,55.59,67.68
27.43,50.5,68.17
25.98,50.91,65.73
22.4,29.0,66.7
22.86,58.93,67.19
22.4,29.0,67.68
22.3,29.0,65.73
22.3,29.0,66.7
22.4,29.0,66.22
22.3,29.0,67.19
27.14,49.59,67.19
24.73,45.5,66.7
22.4,29.0,65.24
22.4,29.0,65.73
28.93,38.79,67.19
22.4,29.0,67.19
22.4,29.0,66.22
22.4,29.0,66.7
26.67,36.31,66.7
27.89,56.52,67.68
22.4,29.0,66.22
29.2,58.13,65.73
22.4,29.0,66.7
22.4,29.0,64.76
22.4,29.0,66.22
22.4,29.0,66.7
28.54,47.97,66.22
22.4,29.0,67.19
29.78,39.08,66.22
22.3,29.0,64.76
22.3,29.0,65.24
24.64,54.61,66.22
27.47,41.95,66.22
22.3,29.0,67.19
22.4,29.0,65.73
22.4,29.0,65.73
22.4,29.0,65.73
22.4,29.0,65.24
22.4,29.0,66.22
22.4,29.0,65.24
22.4,29.0,67.68
22.4,29.0,67.19
22.4,29.0,67.68
24.33,45.86,65.73
28.54,33.96,65.24
22.5,29.0,65.73
22.4,29.0,65.24
22.4,29.0,66.7
21.98,35.2,65.24
22.4,29.0,66.22
22.4,29.0,65.73
25.93,53.2,66.22
22.4,29.0,67.19
22.5,29.0,66.7
22.5,29.0,65.73
25.65,37.25,66.22
23.93,33.23,66.22
26.36,58.21,67.68
22.5,29.0,66.22
20.65,40.09,65.73
27.97,43.31,65.73
29.66,35.44,66.22
22.5,29.0,66.22
26.19,54.81,66.7
22.5,29.0,67.19
22.5,29.0,66.22
22.5,29.0,65.73
22.5,29.0,65.24
22.5,29.0,66.22
22.5,29.0,65.73
22.5,29.0,66.22
22.5,29.0,66.22
25.82,36.07,66.22
22.5,29.0,65.24
22.5,29.0,66.22
22.5,29.0,66.22
22.5,29.0,66.7
22.5,29.0,66.22
22.5,29.0,66.22
22.5,29.0,65.73
22.5,29.0,66.7
22.5,29.0,67.19
22.5,29.0,66.22
22.5,29.0,66.22
22.5,29.0,66.22
22.5,29.0,66.7
22.5,29.0,65.73
22.6,29.0,66.22
22.5,29.0,65.73
22.5,29.0,66.22
29.0,32.15,66.22
22.6,29.0,66.22
22.6,29.0,66.22
22.6,29.0,65.73
21.27,52.21,66.7
27.39,56.29,65.73
22.6,29.0,65.73
26.69,45.64,65.24
22.6,29.0,66.22
28.67,51.79,65.73
22.6,29.0,66.22
25.88,51.27,67.68
22.6,29.0,66.7
27.33,40.19,66.7
22.6,29.0,66.22
22.6,29.0,66.22
22.59,46.37,65.73
22.6,29.0,66.7
27.72,51.04,66.22
22.6,29.0,65.73
22.6,29.0,66.7
22.7,29.0,65.73
22.7,29.0,66.7
22.7,29.0,66.22
22.7,29.0,66.22
22.7,29.0,66.7
22.7,29.0,65.73
22.51,31.05,65.24
22.7,29.0,66.22
22.7,29.0,65.73
22.7,29.0,65.73
22.7,29.0,66.7
22.7,28.0,65.73
22.7,29.0,65.73
22.8,29.0,66.22
29.15,41.42,66.7
22.7,29.0,65.73
22.8,28.0,66.7
22.3,46.91,66.22
29.52,40.65,66.7
26.66,51.62,66.22
23.34,38.42,66.7
22.8,28.0,67.19
22.8,28.0,66.7
22.8,29.0,66.22
22.9,28.0,67.19
22.8,29.0,67.68
22.8,29.0,66.22
22.8,28.0,66.7
22.8,28.0,66.7
22.6,47.35,67.19
22.8,28.0,66.7
22.8,28.0,67.19
26.0,33.46,66.7
23.76,51.45,66.22
22.8,28.0,66.7
22.8,28.0,67.19
21.58,45.32,67.68
24.13,51.56,66.22
26.46,37.55,66.7
23.72,34.0,67.19
22.8,28.0,67.19
28.42,33.94,67.19
22.9,28.0,68.17
22.8,28.0,66.22
22.8,28.0,66.7
22.8,28.0,67.19
22.8,28.0,67.19
21.88,46.5,66.7
22.8,28.0,67.19
22.8,28.0,67.19
22.8,28.0,67.68
29.67,52.74,67.19
22.8,28.0,67.68
22.8,28.0,67.68
22.8,29.0,68.17
22.8,28.0,66.7
26.67,58.35,67.19
22.9,28.0,67.19
29.91,42.08,66.22
28.47,30.94,67.19
22.9,28.0,67.68
22.9,28.0,66.7
22.9,28.0,67.19
28.18,35.23,67.19
22.9,28.0,67.68
22.9,28.0,66.7
23.98,58.9,66.7
22.9,28.0,66.7
22.4,48.61,67.19
26.18,53.93,70.11
21.6,38.34,69.14
22.9,28.0,70.11
28.54,50.71,67.19
22.9,28.0,66.7
25.7,39.27,67.68
24.16,34.52,67.68
26.87,39.9,70.11
26.65,49.79,69.63
21.63,42.07,68.17
28.69,40.53,68.65
22.9,28.0,68.17
22.9,28.0,67.68
22.9,28.0,66.7
28.16,48.23,67.19
26.33,40.87,68.65
22.45,44.95,67.68
23.57,42.72,67.68
22.9,28.0,66.7
22.9,28.0,66.7
22.9,28.0,67.19
22.9,28.0,67.68
22.9,28.0,67.68
22.9,28.0,66.7
22.9,28.0,67.19
22.9,28.0,67.68
22.9,28.0,66.7
22.9,28.0,66.22
22.9,28.0,65.73
23.0,28.0,66.7
23.0,28.0,66.22
28.13,50.48,67.19
22.9,28.0,67.19
22.36,40.27,67.19
23.0,28.0,66.22
24.79,32.28,65.24
23.0,28.0,66.7
23.0,28.0,66.22
23.0,28.0,66.7
23.0,28.0,66.22
23.0,28.0,66.7
23.48,40.58,69.14
23.0,28.0,69.14
23.0,28.0,68.17
26.93,36.84,69.14
23.0,28.0,68.65
23.0,28.0,70.6
23.0,28.0,68.65
24.76,40.68,69.63
25.09,53.23,68.17
25.01,42.38,68.65
23.0,28.0,69.63
27.73,49.72,66.7
23.0,28.0,66.7
29.5,45.58,67.19
23.0,28.0,67.19
21.52,31.31,68.17
23.0,28.0,67.68
23.0,28.0,67.68
23.0,28.0,68.65
23.0,28.0,68.17
26.19,47.78,68.65
23.0,28.0,68.17
23.0,28.0,68.17
23.0,28.0,67.19
23.0,28.0,66.22
23.0,28.0,68.65
23.0,28.0,67.68
23.0,28.0,67.68
23.0,28.0,67.19
23.0,28.0,68.17
21.89,42.66,68.17
23.0,28.0,68.17
23.0,28.0,68.17
23.0,28.0,68.17
22.21,45.42,67.19
24.51,33.5,67.19
20.34,33.54,67.68
23.0,28.0,66.7
23.0,28.0,66.7
23.0,28.0,66.22
23.0,28.0,66.7
29.75,37.22,67.68
23.0,28.0,67.19
23.0,28.0,66.22
24.73,44.08,67.19
23.0,28.0,66.7
23.0,28.0,65.73
21.21,30.19,64.76
22.9,28.0,65.73
21.99,35.64,65.24
23.7,33.59,66.22
22.9,28.0,68.65
21.13,50.64,66.22
22.9,28.0,67.68
22.9,28.0,67.19
22.9,28.0,64.76
23.5,58.85,66.7
22.9,28.0,66.7
22.9,28.0,66.22
22.9,28.0,66.22
22.9,28.0,66.22
22.9,28.0,65.73
22.9,28.0,64.76
20.7,36.17,64.27
22.9,28.0,67.19
26.65,48.64,67.19
20.54,57.64,66.22
22.9,28.0,67.19
22.9,28.0,66.7
27.95,41.47,65.73
20.72,51.31,65.24
22.9,28.0,64.76
25.76,47.14,65.24
20.48,31.0,65.73
22.9,28.0,65.24
22.9,28.0,65.73
23.14,32.54,65.24
22.8,28.0,65.73
22.8,28.0,65.24
22.8,28.0,67.19
22.8,29.0,67.68
26.05,49.17,67.19
27.87,55.88,67.68
22.8,28.0,67.68
22.8,28.0,66.7
22.8,28.0,65.73
22.8,28.0,67.19
22.8,28.0,65.24
22.8,28.0,65.73
22.8,28.0,66.7
22.8,28.0,66.22
22.36,38.92,66.7
22.7,28.0,66.22
22.75,49.89,66.7
22.7,29.0,67.19
22.7,29.0,66.7
20.03,45.01,66.7
22.6,29.0,65.24
22.6,29.0,67.19
26.18,31.21,67.19
22.6,29.0,66.7
20.88,49.21,66.7
21.12,32.38,66.22
25.64,40.73,67.68
22.6,29.0,66.7
22.6,29.0,67.19
22.5,29.0,67.68
22.5,29.0,66.7
22.6,30.0,66.22
22.8,64.0,66.22
22.59,50.78,65.24
24.0,95.0,64.76
24.7,95.0,65.73
25.5,95.0,64.76
27.44,54.76,65.73
26.6,78.0,64.76
27.1,52.0,64.27
27.3,39.0,64.27
27.34,45.24,64.76
27.6,28.0,65.73
21.38,37.76,66.22
28.73,48.88,65.24
23.41,36.79,66.22
22.06,44.59,67.19
27.3,24.0,66.22
20.25,53.48,66.22
27.1,23.0,66.7
27.0,23.0,65.73
21.0,33.0,51.12
21.3,32.0,51.12
21.94,35.17,52.09
21.3,32.0,53.56
21.3,32.0,54.53
22.94,47.01,53.07
21.3,32.0,55.02
21.3,32.0,54.04
21.3,32.0,53.56
21.3,32.0,54.04
21.3,32.0,53.56
26.63,46.38,54.04
21.3,32.0,53.56
22.78,49.9,54.04
24.06,39.86,54.53
24.68,33.83,54.04
21.3,32.0,54.53
21.3,32.0,54.04
27.54,51.62,55.99
24.06,51.91,54.53
21.3,32.0,56.48
21.3,32.0,54.53
24.93,45.82,55.99
21.3,32.0,57.45
23.8,50.1,58.43
21.3,32.0,57.45
22.35,56.85,59.4
27.22,43.77,61.84
21.67,59.79,57.94
21.3,32.0,58.91
21.3,32.0,57.94
21.3,32.0,56.97
21.3,32.0,57.45
21.3,32.0,57.45
26.21,38.49,57.45
22.87,39.55,59.4
21.3,32.0,56.48
21.3,32.0,56.48
28.09,47.8,58.43
29.81,39.73,58.43
25.42,53.37,59.89
21.3,32.0,58.43
29.74,39.87,57.45
21.3,32.0,57.45
21.3,32.0,57.94
20.84,42.04,58.43
21.3,32.0,58.91
21.3,32.0,58.43
21.3,32.0,58.43
21.3,32.0,58.91
21.3,32.0,58.43
21.3,32.0,58.43
21.3,32.0,58.91
21.3,32.0,58.91
21.3,32.0,58.91
21.3,32.0,58.43
21.3,32.0,57.45
21.3,32.0,58.43
21.3,32.0,58.43
21.3,32.0,58.43
21.4,32.0,58.91
20.14,57.22,58.91
21.4,32.0,59.4
21.4,32.0,59.4
21.4,32.0,59.4
21.4,32.0,58.91
21.4,32.0,59.4
24.81,50.82,59.4
21.81,32.04,59.89
21.4,32.0,59.4
21.4,32.0,60.86
21.4,32.0,60.37
22.42,32.46,60.37
24.96,59.68,62.81
21.4,32.0,63.78
22.39,46.54,65.24
22.13,39.03,64.76
27.02,57.63,66.7
26.56,31.49,66.7
24.76,33.66,67.19
26.78,55.67,67.68
21.4,32.0,68.17
21.4,32.0,67.68
24.48,46.65,67.68
21.4,32.0,64.27
21.4,32.0,64.76
21.4,32.0,64.27
20.81,38.9,63.3
26.77,32.95,64.27
23.14,58.56,63.3
26.51,43.74,63.78
21.4,32.0,63.3
21.4,32.0,62.81
23.14,51.4,62.81
21.5,32.0,63.3
21.5,32.0,63.3
21.4,32.0,63.3
21.5,32.0,62.81
21.5,32.0,63.3
21.5,32.0,62.32
21.5,32.0,62.81
21.5,32.0,62.81
21.5,32.0,62.81
21.5,32.0,61.84
21.5,32.0,62.81
21.5,32.0,61.84
21.5,32.0,62.81
21.5,32.0,61.84
21.06,55.87,62.81
20.35,44.1,62.81
21.4,32.0,63.78
21.3,32.0,63.78
25.43,53.62,65.24
21.4,32.0,65.24
21.4,32.0,63.78
24.61,34.62,63.3
21.4,32.0,63.3
28.82,43.6,62.81
21.96,57.99,63.3
21.4,32.0,63.78
21.4,32.0,62.81
25.95,35.76,63.78
21.4,32.0,62.81
21.4,32.0,61.84
26.96,54.37,62.81
21.97,52.76,63.78
23.52,31.85,63.3
21.4,32.0,62.81
23.68,54.86,63.3
21.3,32.0,63.3
21.3,32.0,63.3
22.9,32.18,65.24
21.3,32.0,63.3
23.28,36.1,63.78
21.3,32.0,63.78
21.3,32.0,65.73
25.04,37.09,64.27
21.3,32.0,63.78
27.53,42.74,64.76
21.4,32.0,63.78
24.81,39.02,66.22
22.9,56.35,67.19
21.76,56.7,67.68
23.91,50.71,65.73
21.3,32.0,63.78
22.19,52.91,65.24
21.3,32.0,64.76
21.3,32.0,64.76
21.3,32.0,63.78
29.45,34.19,64.76
21.3,32.0,63.78
21.3,32.0,64.76
21.3,32.0,65.73
21.3,32.0,64.27
28.47,53.86,65.24
26.81,56.95,65.73
21.3,32.0,64.76
21.3,32.0,64.27
21.3,32.0,66.7
29.79,53.78,64.76
21.3,32.0,63.78
23.74,46.19,64.27
21.3,32.0,65.24
21.3,32.0,63.78
21.3,32.0,65.24
21.3,32.0,63.78
28.49,59.74,63.78
21.3,32.0,64.27
21.3,32.0,65.73
21.3,32.0,64.27
21.3,32.0,64.27
21.3,32.0,64.76
21.3,32.0,64.76
29.76,36.85,63.78
25.92,50.92,64.76
21.3,32.0,64.76
21.3,32.0,64.76
21.3,32.0,64.76
21.3,32.0,64.27
22.92,38.65,64.27
22.39,41.97,65.73
21.3,32.0,64.76
21.3,32.0,64.27
21.3,32.0,64.76
21.3,32.0,63.3
28.67,57.36,64.76
21.3,32.0,64.27
29.48,38.16,63.78
21.2,32.0,63.78
21.2,32.0,65.73
21.87,52.49,66.22
24.8,35.64,65.73
23.61,53.08,66.22
21.2,32.0,65.73
21.3,32.0,64.76
21.3,32.0,66.22
21.35,50.51,67.68
21.3,32.0,66.22
21.3,32.0,66.22
21.3,32.0,65.73
21.3,32.0,65.73
21.3,32.0,64.76
21.3,32.0,65.24
21.3,32.0,66.22
25.64,49.13,66.7
21.2,32.0,66.7
21.2,32.0,65.24
21.2,32.0,65.73
21.2,32.0,65.24
21.2,32.0,65.24
26.55,56.2,65.24
21.2,32.0,66.22
21.13,45.16,66.22
21.2,32.0,65.73
26.25,39.3,65.73
21.2,32.0,65.73
21.2,32.0,66.7
25.14,59.23,65.73
21.2,32.0,66.7
21.95,43.98,65.73
21.2,32.0,65.24
21.2,32.0,66.7
21.2,32.0,65.24
21.2,32.0,65.24
20.51,57.4,65.73
21.2,32.0,64.76
28.26,34.93,65.73
21.2,32.0,66.7
21.2,32.0,64.76
29.92,38.72,66.22
21.2,32.0,64.27
24.86,45.05,63.78
21.1,32.0,63.78
21.1,33.0,66.22
26.17,58.1,64.76
24.4,31.44,65.73
21.1,32.0,67.68
21.2,33.0,65.24
21.1,32.0,65.73
28.5,34.89,68.17
21.1,32.0,68.17
26.21,38.32,67.19
26.23,52.05,66.22
28.11,56.98,65.73
28.22,31.06,65.24
25.35,41.33,66.22
21.2,32.0,66.22
24.33,46.17,66.22
26.49,30.33,66.7
21.2,32.0,67.19
21.2,32.0,66.7
24.21,43.05,67.19
21.2,32.0,67.19
29.66,57.52,66.22
21.2,32.0,65.73
21.2,32.0,65.73
21.2,32.0,62.81
21.1,33.0,64.76
27.64,52.57,65.24
24.43,46.07,65.73
21.1,32.0,66.22
21.1,33.0,67.19
21.2,33.0,65.73
21.2,33.0,64.76
21.2,33.0,65.24
21.2,33.0,65.73
21.2,32.0,64.76
21.23,45.27,64.76
20.87,47.83,63.78
21.2,32.0,64.27
21.2,32.0,65.24
21.2,32.0,64.76
28.62,47.3,65.24
21.2,32.0,64.76
21.3,32.0,64.76
28.85,49.69,65.24
24.28,41.09,67.68
21.3,32.0,70.6
21.3,32.0,70.11
21.3,32.0,68.17
21.2,32.0,68.17
21.3,32.0,67.19
21.2,32.0,67.19
21.3,32.0,67.19
21.2,32.0,66.7
21.3,33.0,63.3
22.82,58.05,64.76
27.39,33.88,65.24
26.34,46.98,66.7
21.3,32.0,66.7
21.3,32.0,67.68
25.27,46.89,69.14
21.42,54.64,67.19
23.57,36.4,67.68
26.08,58.65,68.17
26.59,38.51,66.7
21.3,32.0,67.19
25.93,59.05,68.17
25.69,34.92,67.19
29.98,46.5,67.68
20.55,50.57,67.68
27.31,37.92,69.14
25.49,55.09,70.11
27.36,54.59,67.68
27.2,42.34,68.65
21.3,32.0,66.7
21.3,32.0,66.22
25.84,51.21,67.19
21.47,35.87,66.7
21.3,32.0,66.22
21.3,32.0,65.24
21.3,32.0,64.76
21.85,37.89,66.7
21.3,32.0,65.24
23.78,55.26,65.24
21.3,32.0,67.19
24.93,39.96,65.24
21.3,32.0,66.22
21.3,32.0,66.22
21.3,32.0,64.76
23.68,40.68,63.78
27.22,47.71,64.27
20.53,53.72,67.19
21.3,32.0,66.7
20.7,34.67,67.19
21.3,32.0,67.19
21.3,32.0,66.7
21.85,37.9,67.19
21.4,32.0,68.17
27.36,38.58,69.14
25.49,59.41,67.68
21.4,32.0,66.7
21.4,32.0,66.7
21.4,32.0,65.73
21.38,30.05,65.73
21.4,32.0,65.24
21.4,32.0,64.76
27.65,59.98,65.24
21.4,32.0,66.22
21.4,32.0,65.73
21.4,32.0,66.7
21.4,32.0,65.73
21.4,32.0,65.73
21.4,32.0,65.24
21.4,32.0,65.73
20.11,39.88,64.27
21.4,32.0,64.76
21.4,32.0,65.73
21.74,43.76,65.24
29.57,35.75,65.24
24.7,55.23,65.24
23.18,58.91,65.73
21.4,32.0,65.24
26.75,54.94,65.73
21.4,32.0,64.27
21.4,32.0,65.73
22.44,37.25,65.24
28.29,42.23,64.76
22.24,49.85,65.73
26.83,32.25,65.24
21.5,32.0,68.17
23.31,51.7,68.65
21.5,32.0,68.65
25.54,47.87,68.17
25.31,30.85,67.19
21.48,43.59,67.68
22.07,45.01,67.68
25.73,50.29,66.22
22.97,51.12,66.7
24.59,44.85,66.22
21.5,32.0,66.22
21.5,32.0,66.22
24.06,41.88,64.76
20.4,56.04,65.73
21.5,32.0,65.24
21.5,32.0,64.27
21.5,32.0,66.22
21.5,32.0,66.22
27.98,39.3,66.22
21.5,32.0,63.78
29.23,54.9,63.78
21.5,32.0,65.24
22.52,39.5,66.7
25.92,49.15,69.14
29.33,57.41,68.65
28.4,38.49,68.17
21.5,32.0,67.68
21.5,32.0,66.7
21.5,32.0,65.73
26.99,37.11,64.76
23.28,34.51,66.22
21.5,32.0,66.22
29.48,46.58,66.7
21.5,32.0,66.22
26.32,42.38,69.14
21.5,32.0,67.19
24.53,43.41,67.19
25.3,58.53,67.19
25.7,43.42,66.7
23.85,47.69,68.65
21.5,32.0,67.19
21.5,32.0,66.7
21.5,31.0,66.7
21.5,32.0,65.73
21.5,32.0,66.22
21.5,32.0,66.7
26.75,33.0,65.73
20.9,52.7,67.68
21.5,32.0,66.22
22.49,56.73,68.17
23.62,54.77,68.17
21.5,32.0,67.19
21.5,32.0,67.68
21.5,32.0,67.19
24.1,46.93,68.17
21.5,32.0,66.7
26.65,30.5,66.22
20.47,55.77,66.7
21.49,33.86,66.22
21.5,32.0,66.22
21.5,32.0,65.73
23.4,32.39,65.73
21.5,32.0,67.19
21.5,31.0,66.7
25.04,47.46,70.6
21.5,32.0,67.68
27.83,32.17,68.65
21.5,32.0,68.65
27.28,44.13,68.65
21.34,50.44,67.68
21.5,31.0,69.14
23.95,41.44,68.65
25.65,36.43,68.17
20.45,38.76,70.11
24.12,59.58,70.11
21.5,32.0,68.65
25.17,31.53,68.17
21.5,32.0,69.14
21.5,32.0,68.17
21.5,32.0,68.65
21.57,39.25,67.68
21.5,32.0,67.68
21.5,32.0,68.17
21.5,32.0,67.68
28.15,41.13,69.63
24.05,59.36,70.11
21.5,32.0,70.6
21.6,32.0,69.63
21.6,31.0,70.6
21.6,31.0,70.6
21.53,34.88,70.11
29.47,52.46,70.11
21.6,32.0,71.09
21.6,32.0,71.09
21.6,32.0,69.63
21.6,32.0,70.6
20.55,57.3,69.63
23.54,30.51,68.17
21.25,46.78,70.6
21.6,32.0,70.6
21.6,32.0,68.65
21.6,32.0,67.68
21.6,32.0,69.14
23.16,45.66,67.68
29.92,49.29,69.63
21.6,32.0,68.65
21.6,31.0,68.17
21.6,31.0,67.68
21.6,31.0,67.68
21.6,32.0,66.7
21.6,31.0,67.68
21.6,32.0,67.68
26.07,42.62,68.17
21.2,57.67,69.14
24.64,31.19,68.17
21.6,31.0,68.65
21.6,32.0,69.14
21.6,32.0,69.63
21.6,32.0,68.17
27.15,44.23,68.65
25.68,58.56,70.6
24.99,41.32,72.06
25.65,54.21,70.6
21.6,32.0,69.63
21.6,32.0,69.14
21.6,32.0,69.14
23.38,34.48,67.68
23.56,51.66,67.68
21.6,31.0,68.17
27.09,57.74,68.65
28.58,30.0,68.17
29.21,59.29,67.68
24.79,41.39,69.14
21.27,56.94,69.63
26.3,41.88,70.6
21.6,32.0,70.11
26.19,58.85,70.11
21.6,31.0,68.65
21.6,31.0,68.65
23.2,46.91,68.65
21.6,31.0,69.14
22.21,30.21,70.11
21.6,32.0,70.11
25.21,34.1,70.6
27.78,30.76,70.11
21.42,40.5,70.11
21.6,32.0,69.63
25.53,53.86,70.11
21.6,32.0,68.17
21.6,32.0,68.65
21.6,31.0,68.65
21.6,31.0,68.17
21.6,31.0,69.63
21.6,31.0,68.17
21.6,31.0,68.65
21.6,31.0,68.17
21.6,32.0,69.63
21.7,32.0,70.11
21.6,31.0,68.65
21.6,31.0,68.65
21.6,31.0,69.14
21.7,31.0,67.19
21.6,32.0,68.17
21.6,31.0,68.17
21.6,31.0,67.19
21.6,32.0,68.17
21.6,31.0,69.14
21.6,32.0,68.65
21.6,31.0,71.09
22.42,53.4,68.17
24.13,47.33,69.63
21.7,31.0,68.65
21.7,31.0,67.68
24.66,54.44,67.68
21.6,32.0,67.19
21.6,31.0,67.19
21.6,32.0,67.19
21.6,32.0,67.68
29.63,31.18,69.14
26.87,50.0,71.09
20.44,41.57,71.58
29.8,48.57,71.58
27.54,41.49,69.63
21.91,50.89,68.65
22.9,49.79,68.65
20.73,52.71,68.65
24.45,38.66,69.14
27.42,33.64,70.11
27.07,45.41,69.14
24.36,44.47,68.65
21.7,31.0,69.63
21.6,31.0,68.65
22.98,35.28,67.68
27.77,51.2,67.68
21.6,31.0,68.17
26.11,48.12,68.17
21.7,31.0,68.65
29.89,47.36,67.19
21.6,31.0,67.68
21.6,32.0,68.17
21.7,32.0,68.17
28.85,37.57,67.19
20.37,39.96,66.7
29.34,46.45,67.68
29.87,56.53,67.19
23.07,33.75,66.7
25.65,35.25,67.19
25.46,53.46,67.19
21.6,32.0,67.19
28.36,45.38,66.7
26.79,43.71,68.17
27.77,38.42,68.17
29.85,30.52,67.68
21.7,31.0,68.65
26.88,32.34,67.19
20.17,43.96,66.22
28.67,38.42,67.19
22.28,53.27,69.63
21.7,31.0,68.17
27.1,36.69,68.17
28.02,53.5,69.14
21.7,31.0,67.19
21.7,31.0,68.17
25.56,32.52,67.19
21.7,31.0,68.17
21.7,31.0,67.68
21.6,31.0,68.17
20.23,54.57,67.19
24.49,49.77,67.19
21.7,31.0,67.68
24.79,56.75,68.17
21.6,31.0,66.7
20.04,49.44,67.19
26.7,34.17,67.68
21.7,31.0,67.68
21.7,32.0,67.68
21.7,31.0,68.17
27.18,42.61,67.68
21.7,32.0,68.17
28.24,35.02,69.14
21.7,31.0,67.19
21.7,31.0,68.65
21.7,31.0,66.7
21.7,31.0,67.68
21.7,31.0,67.68
24.79,43.14,67.19
21.7,32.0,66.7
21.7,32.0,67.19
21.7,32.0,67.68
21.7,32.0,67.19
25.3,48.55,67.68
27.52,35.36,68.17
21.7,31.0,69.14
24.34,55.5,68.65
21.7,31.0,69.14
23.33,52.38,67.19
21.7,31.0,67.68
21.7,31.0,67.19
29.9,33.92,67.68
21.7,31.0,67.68
21.7,31.0,68.17
29.32,35.29,69.63
21.7,31.0,67.19
26.06,53.09,66.7
21.7,31.0,66.7
21.7,31.0,66.7
21.7,31.0,68.65
21.7,31.0,66.7
24.26,46.82,66.7
23.76,34.81,67.68
28.23,46.02,71.09
20.79,54.38,70.11
27.13,44.88,71.09
24.89,43.78,70.6
20.13,33.63,69.14
23.75,36.26,68.17
21.7,31.0,68.17
20.63,57.98,67.68
29.19,51.36,68.65
26.32,54.08,68.17
21.7,31.0,69.14
21.7,32.0,67.68
21.7,31.0,68.65
21.7,31.0,68.17
21.7,31.0,66.22
24.57,36.67,66.7
21.7,31.0,66.22
21.7,31.0,66.7
25.49,54.96,67.19
22.87,55.47,65.73
21.7,31.0,65.73
21.7,31.0,66.22
21.7,31.0,65.73
21.7,31.0,66.22
24.07,38.99,66.7
22.39,49.69,65.73
26.62,32.17,66.22
21.7,31.0,65.73
21.7,31.0,65.73
29.16,57.12,65.73
21.7,32.0,65.24
21.4,57.8,66.22
22.9,33.32,68.65
25.44,39.16,67.19
21.7,31.0,66.22
21.7,31.0,67.68
27.24,43.29,67.19
21.7,31.0,69.14
21.7,31.0,66.7
21.7,31.0,67.19
21.7,31.0,66.7
21.7,31.0,67.19
21.7,32.0,67.19
21.41,56.34,68.65
29.31,48.51,68.17
27.89,44.14,68.17
21.7,31.0,69.14
21.7,31.0,67.19
22.8,42.15,67.68
21.7,31.0,67.19
21.7,32.0,66.7
21.7,31.0,66.7
21.7,31.0,66.22
21.7,31.0,67.19
21.7,31.0,68.17
26.81,33.9,70.11
27.16,50.77,71.58
23.01,33.27,72.06
21.7,31.0,69.14
21.7,31.0,67.68
27.76,57.61,68.17
21.7,31.0,68.17
21.7,31.0,68.65
21.07,57.61,67.68
27.26,33.37,68.17
21.7,31.0,68.17
21.7,31.0,67.19
21.7,31.0,70.6
21.7,31.0,70.11
22.77,30.65,70.6
28.86,53.27,70.6
29.3,58.67,70.11
20.04,34.52,68.65
27.31,59.19,68.17
21.7,31.0,68.65
26.74,37.98,67.19
24.22,34.59,68.65
21.7,31.0,67.68
21.7,31.0,68.17
21.7,31.0,69.14
24.67,56.94,67.68
21.7,31.0,67.19
21.7,31.0,67.68
21.7,31.0,67.68
27.77,51.24,68.17
29.26,55.24,67.19
22.46,59.77,67.19
21.7,31.0,67.19
21.7,31.0,67.19
23.06,52.14,67.19
25.06,31.25,65.73
22.67,40.43,66.7
23.14,36.27,66.7
27.14,33.06,67.19
23.77,44.52,67.68
21.7,31.0,66.7
21.7,31.0,67.19
21.7,31.0,66.22
21.7,31.0,66.7
27.62,47.38,67.19
23.16,34.56,66.7
21.7,31.0,68.17
23.42,46.75,68.17
25.11,48.77,68.17
21.7,31.0,68.17
21.7,31.0,68.65
21.7,31.0,68.17
21.7,31.0,68.65
25.55,52.06,68.65
21.7,31.0,68.17
21.53,46.95,68.17
25.84,32.71,69.14
21.7,31.0,69.14
23.07,47.01,68.17
22.89,33.99,65.24
21.34,49.03,65.73
27.91,48.62,66.22
20.95,46.15,68.65
25.94,32.55,69.14
25.31,53.35,68.65
21.7,32.0,67.19
29.11,46.2,69.14
21.16,39.41,66.7
21.7,32.0,68.17
21.7,32.0,66.7
21.7,31.0,65.73
21.7,31.0,68.65
21.7,31.0,67.19
21.7,31.0,68.17
21.7,32.0,67.19
21.7,31.0,68.17
28.23,43.46,67.19
21.7,31.0,66.7
21.7,31.0,67.19
29.33,49.34,68.65
22.0,33.54,69.14
25.27,57.73,69.14
22.57,34.83,67.68
26.48,40.59,69.63
21.7,31.0,68.65
29.05,52.11,67.68
21.7,31.0,67.68
26.76,43.17,67.68
21.7,31.0,67.68
26.47,49.71,67.19
29.84,41.51,68.17
21.7,31.0,66.7
21.7,31.0,65.24
21.7,31.0,65.73
22.37,51.18,66.7
21.97,59.57,66.22
28.36,54.48,66.7
24.36,46.99,66.7
21.7,31.0,67.19
21.7,31.0,68.65
21.7,31.0,67.68
21.7,31.0,67.19
24.53,35.57,67.68
22.68,38.38,68.17
20.7,34.36,69.14
25.77,40.53,71.09
21.7,31.0,71.09
21.7,31.0,68.65
26.6,38.0,67.19
21.7,31.0,67.68
21.7,31.0,67.68
21.8,31.0,67.68
27.43,32.26,67.19
21.7,31.0,67.68
20.99,38.47,66.7
21.7,31.0,66.7
21.8,31.0,66.7
23.07,47.23,66.22
29.89,49.76,66.22
23.39,50.48,65.24
29.1,39.42,68.65
27.12,41.94,69.63
24.42,46.32,67.68
21.7,31.0,66.22
23.63,38.0,69.14
21.7,31.0,69.14
20.58,37.51,68.65
29.07,39.08,71.58
25.44,44.48,71.09
24.52,52.88,71.58
21.8,31.0,68.65
27.72,42.08,68.65
21.7,31.0,70.11
22.88,50.36,70.6
27.7,35.05,70.6
27.37,41.32,70.6
27.47,43.5,70.11
26.53,44.95,68.65
24.01,49.45,68.65
21.8,31.0,68.17
21.8,31.0,71.58
21.8,31.0,71.58
21.8,31.0,71.09
26.34,45.52,71.09
21.8,31.0,70.11
21.7,31.0,69.63
21.7,31.0,70.6
24.83,34.17,69.63
21.7,31.0,69.63
21.8,31.0,69.14
21.7,31.0,69.14
21.8,31.0,68.65
20.2,55.41,70.6
21.8,31.0,69.63
26.39,54.47,70.11
21.8,31.0,69.63
23.67,33.38,71.09
25.96,40.61,70.6
21.8,31.0,70.11
21.8,31.0,71.09
21.8,31.0,72.06
21.8,31.0,72.55
29.61,37.98,72.06
21.8,31.0,71.09
21.44,32.74,73.04
25.7,34.78,72.06
21.28,44.32,73.52
25.46,42.07,73.52
25.84,41.25,71.58
22.07,59.13,71.09
21.8,31.0,73.04
26.32,55.46,71.09
20.79,47.98,72.06
21.81,55.79,71.09
27.07,48.56,70.6
20.88,33.03,71.09
28.04,30.08,70.6
21.8,31.0,71.09
21.7,31.0,69.14
29.94,58.5,68.65
23.46,41.44,69.63
22.96,43.88,70.6
21.7,31.0,68.65
24.8,54.95,70.11
21.42,40.06,69.14
21.7,31.0,69.14
21.8,31.0,69.63
21.7,31.0,70.6
21.7,31.0,69.63
23.62,36.78,71.58
21.8,31.0,70.6
21.7,31.0,69.14
21.8,31.0,70.11
21.7,31.0,70.6
21.7,31.0,68.17
23.61,44.21,68.17
21.7,31.0,68.65
21.7,31.0,68.65
21.7,31.0,69.14
23.14,53.99,73.52
27.87,37.54,73.52
26.05,59.44,72.55
29.9,39.46,72.06
21.8,31.0,69.63
21.8,31.0,69.63
21.7,31.0,69.63
21.8,31.0,70.11
27.36,41.21,69.14
29.31,59.32,69.14
24.62,47.01,71.58
21.7,31.0,72.06
29.07,44.24,71.58
29.1,39.2,70.11
22.66,37.01,70.6
28.05,35.62,70.11
21.8,31.0,70.11
21.8,31.0,70.11
21.7,31.0,70.11
21.8,31.0,69.14
21.8,31.0,68.65
21.8,31.0,69.14
21.8,31.0,69.63
24.85,50.75,68.65
27.63,40.31,69.63
21.52,59.42,70.11
28.54,31.96,70.6
21.8,31.0,67.19
28.61,58.3,67.68
26.94,30.86,67.68
21.7,31.0,67.68
21.7,31.0,68.65
21.7,32.0,71.58
26.34,59.29,70.11
23.91,44.86,71.58
25.23,52.4,72.55
27.94,55.13,71.58
28.5,40.84,72.55
28.87,56.86,70.6
29.95,52.67,71.09
21.8,31.0,74.01
24.82,48.19,73.04
21.8,31.0,72.06
28.21,47.75,71.58
21.1,43.62,73.04
21.7,31.0,68.17
26.25,49.26,71.09
21.8,31.0,71.58
28.32,31.63,72.06
26.05,43.69,70.11
20.89,51.44,70.6
20.77,54.38,72.06
21.8,31.0,72.06
23.99,46.15,71.58
21.8,31.0,71.58
21.8,31.0,70.6
28.55,44.02,69.63
20.61,42.55,70.6
29.42,33.61,73.04
24.77,40.52,72.55
21.8,31.0,72.06
28.56,32.33,72.55
21.8,31.0,74.01
21.8,31.0,73.52
26.57,51.96,71.58
29.47,36.76,72.06
27.9,49.74,72.06
21.8,31.0,71.58
28.66,51.31,72.06
21.8,31.0,72.55
21.98,38.85,73.04
29.22,48.29,73.04
27.28,58.26,73.52
21.8,31.0,72.55
24.31,59.79,74.01
21.8,31.0,73.52
24.76,44.64,73.52
21.8,31.0,73.04
21.93,45.69,72.55
21.8,31.0,72.06
22.14,37.35,73.52
21.89,56.35,72.06
21.8,31.0,71.09
24.34,50.79,70.6
22.47,40.43,73.04
21.8,31.0,71.58
21.8,31.0,72.55
23.58,50.5,71.09
21.8,31.0,71.09
21.8,31.0,70.11
21.8,31.0,70.11
21.8,31.0,69.63
22.01,44.34,71.58
21.8,31.0,72.06
21.8,31.0,71.09
28.98,43.79,71.09
21.8,31.0,70.11
27.77,55.2,70.11
21.8,31.0,71.09
21.98,57.84,71.09
25.65,37.26,70.6
22.32,42.93,71.09
21.8,31.0,70.6
22.65,36.51,69.63
23.39,52.48,68.65
29.42,48.36,68.65
21.63,33.36,70.11
28.36,56.11,69.14
25.88,34.03,69.14
22.18,32.57,68.17
21.8,31.0,68.17
21.8,31.0,68.65
23.41,49.68,71.58
23.02,32.84,73.04
27.31,59.25,72.06
27.9,59.42,73.52
21.8,31.0,70.11
21.8,31.0,70.6
21.9,31.0,69.14
26.7,50.73,70.6
21.8,31.0,71.09
21.8,31.0,71.09
29.63,52.6,72.06
21.8,31.0,73.04
20.31,59.15,71.09
21.8,31.0,72.06
27.87,37.1,70.11
29.96,46.71,70.11
27.67,31.64,70.11
24.51,46.19,70.6
24.16,32.36,69.14
21.8,31.0,69.63
24.57,38.95,70.11
21.9,31.0,69.14
21.8,31.0,70.6
21.8,31.0,69.14
21.8,31.0,68.65
21.8,31.0,70.6
21.9,31.0,68.65
23.66,47.61,68.65
29.66,54.23,70.11
21.8,31.0,69.63
21.9,31.0,68.65
21.68,45.46,69.63
21.9,31.0,69.14
28.34,42.78,68.65
21.9,31.0,69.63
21.8,31.0,67.68
21.9,31.0,68.65
21.9,31.0,67.68
24.75,56.1,68.65
21.9,31.0,68.17
28.34,44.68,68.17
26.48,39.22,68.17
26.4,53.7,69.14
22.81,53.39,68.65
24.09,41.28,68.17
21.06,38.45,69.14
21.9,31.0,68.65
21.9,31.0,68.65
21.9,31.0,69.14
20.31,33.13,69.63
20.32,51.24,69.63
28.61,53.71,69.14
22.6,53.67,70.11
28.59,32.38,71.58
29.81,47.43,72.06
21.9,31.0,72.06
20.66,37.62,70.6
25.35,31.36,70.6
21.9,31.0,68.65
21.9,31.0,68.17
21.9,31.0,69.14
21.8,31.0,67.68
21.9,31.0,70.6
20.54,47.01,69.14
21.9,31.0,67.68
23.51,52.08,70.11
29.96,45.89,70.6
28.9,56.82,73.04
20.5,43.24,72.55
21.9,31.0,70.11
21.9,31.0,70.6
22.0,32.0,68.17
21.9,31.0,68.65
21.08,50.86,67.68
27.37,51.39,68.65
21.9,31.0,69.63
26.23,54.16,68.65
29.47,42.07,69.14
21.9,31.0,68.65
21.04,50.97,69.14
21.9,31.0,68.65
21.9,31.0,68.65
28.19,53.71,68.17
21.9,31.0,67.68
21.9,31.0,66.7
21.9,31.0,66.7
21.9,31.0,67.19
21.9,31.0,66.7
21.9,31.0,65.73
21.9,31.0,66.22
21.9,31.0,67.19
25.07,40.88,66.22
21.9,31.0,66.7
21.59,55.71,65.73
22.54,34.81,66.7
21.9,31.0,66.7
21.9,31.0,67.19
24.22,55.27,67.19
21.9,31.0,66.7
21.9,31.0,67.68
29.67,58.8,67.19
22.89,41.8,66.7
22.97,48.14,67.19
28.9,50.68,66.22
23.79,54.14,66.22
22.0,32.0,66.7
21.37,46.09,67.19
23.12,35.09,67.19
21.9,31.0,67.19
21.9,31.0,66.7
21.9,31.0,66.22
25.09,41.77,66.22
21.54,45.78,66.7
21.9,31.0,66.7
21.9,31.0,67.19
21.9,31.0,66.7
21.9,31.0,66.7
29.69,45.49,66.22
22.0,33.0,66.7
22.34,56.87,66.22
20.91,37.08,67.68
24.35,54.5,68.65
22.0,32.0,67.19
27.67,31.04,67.19
22.0,33.0,66.7
22.0,33.0,67.19
22.0,33.0,66.7
22.0,33.0,67.19
22.0,33.0,66.7
22.0,32.0,67.19
29.77,46.01,66.22
22.0,32.0,67.19
25.83,44.45,66.22
22.0,32.0,66.22
27.53,34.51,66.22
22.0,32.0,66.22
22.08,54.65,64.76
23.59,48.41,65.24
22.0,32.0,64.76
22.24,56.53,65.73
22.0,32.0,67.19
26.55,51.68,65.73
28.24,44.25,66.22
22.0,32.0,66.7
22.0,32.0,67.19
28.69,36.2,50.15
21.5,28.0,52.58
29.17,53.44,51.61
21.5,28.0,54.04
21.5,28.0,53.56
21.5,28.0,53.07
21.5,28.0,52.58
21.6,28.0,51.61
21.6,28.0,52.09
21.6,28.0,50.63
21.6,28.0,53.07
21.6,28.0,51.61
21.6,28.0,51.61
28.85,45.56,52.58
21.6,28.0,53.56
21.6,28.0,52.58
21.6,28.0,54.04
21.6,28.0,54.53
21.6,28.0,54.04
21.6,28.0,55.99
25.87,36.42,55.99
21.5,28.0,55.99
21.5,28.0,58.43
21.5,28.0,58.91
21.6,28.0,59.4
21.6,28.0,58.43
26.03,32.54,57.94
21.6,28.0,58.43
21.6,28.0,57.94
27.05,55.14,58.91
22.75,45.6,59.89
25.66,44.86,62.32
27.09,40.57,58.91
28.46,54.62,59.4
24.95,36.34,58.91
21.6,28.0,58.91
27.39,31.26,58.43
24.54,33.88,59.4
21.6,28.0,60.37
22.89,48.96,58.91
21.6,28.0,59.4
25.85,33.43,59.89
21.6,28.0,59.89
21.6,28.0,59.4
28.69,47.59,60.37
23.51,43.03,59.4
27.14,59.13,63.78
29.38,51.62,64.27
26.9,53.59,64.27
28.12,57.73,64.27
22.35,47.21,63.78
21.6,28.0,62.81
27.24,46.54,63.78
21.6,28.0,61.35
21.6,28.0,62.81
21.6,28.0,61.84
21.6,28.0,61.35
22.67,37.47,62.81
21.6,28.0,62.32
20.97,37.51,62.32
20.43,59.2,62.81
27.03,43.61,63.3
21.6,28.0,63.3
27.88,52.14,62.81
21.6,28.0,62.32
27.52,47.84,62.32
22.74,43.0,62.81
21.6,28.0,60.86
21.6,28.0,62.81
21.6,28.0,61.84
21.6,28.0,62.32
21.6,28.0,63.78
21.6,28.0,61.35
21.6,28.0,62.81
21.6,28.0,63.78
21.6,28.0,62.32
21.6,28.0,62.32
21.6,28.0,62.81
21.6,28.0,63.78
21.6,28.0,62.81
22.72,44.69,62.32
21.6,28.0,63.3
21.6,28.0,63.78
21.6,28.0,63.3
21.6,28.0,63.78
21.6,28.0,63.3
21.5,28.0,64.27
21.6,28.0,62.81
21.6,28.0,61.84
20.22,56.42,62.32
20.85,34.98,64.76
24.63,47.42,65.24
25.6,55.49,63.78
20.03,33.84,64.76
21.5,28.0,67.19
21.6,28.0,65.73
22.71,45.46,64.76
23.3,30.61,62.81
27.62,32.36,63.78
26.47,38.31,63.78
21.6,28.0,63.3
25.95,36.01,64.27
21.6,28.0,65.24
23.6,34.84,63.3
21.5,28.0,63.78
25.73,45.54,65.73
22.04,35.78,65.73
21.6,28.0,65.73
21.5,28.0,65.73
22.65,38.51,67.19
25.6,45.1,68.65
28.46,46.3,69.63
21.05,38.42,68.17
24.61,32.67,68.65
21.5,28.0,69.14
21.5,28.0,68.65
26.75,51.57,70.11
21.5,28.0,69.14
21.87,33.84,70.11
21.04,30.01,67.68
21.5,28.0,67.68
21.5,28.0,68.65
20.16,36.77,69.14
27.87,47.31,69.14
29.13,30.94,68.65
22.86,47.4,68.17
23.29,45.14,69.63
20.18,42.57,68.65
21.5,28.0,67.68
21.5,28.0,69.14
29.1,54.71,70.11
26.4,35.46,69.63
20.52,32.75,69.14
21.5,28.0,68.17
20.54,50.14,67.68
24.42,41.6,68.17
25.56,51.72,67.19
24.79,58.02,68.65
28.36,37.71,67.68
26.24,49.93,68.17
28.18,51.81,66.7
21.6,28.0,66.7
21.5,28.0,66.7
24.59,44.28,67.19
20.55,42.6,66.7
21.6,28.0,67.19
21.19,44.63,69.63
21.6,28.0,68.65
21.6,28.0,67.68
21.6,28.0,66.7
21.6,28.0,63.3
25.32,49.88,66.22
21.7,28.0,66.7
21.7,28.0,66.22
20.99,44.12,66.7
24.04,33.92,66.22
22.5,50.59,70.6
29.77,32.43,70.6
21.7,28.0,71.09
21.7,28.0,67.68
21.0,33.16,68.65
24.57,44.87,70.6
21.8,28.0,69.63
21.8,28.0,70.11
21.8,27.0,69.14
26.85,53.79,70.11
25.94,37.52,70.6
20.21,41.37,69.63
22.32,42.78,69.63
29.57,30.41,69.14
24.02,58.79,71.09
21.9,27.0,69.14
21.9,27.0,68.65
21.9,27.0,69.63
24.72,56.96,70.11
23.95,54.43,69.14
21.35,46.32,69.63
21.9,27.0,71.58
22.0,28.0,71.09
22.0,28.0,70.11
22.77,48.3,70.6
21.35,56.14,70.11
28.26,55.45,70.11
24.33,31.19,72.55
20.13,58.31,71.09
24.99,50.97,70.6
22.0,28.0,70.11
22.0,28.0,70.11
28.06,48.21,68.17
22.0,28.0,67.68
22.0,28.0,67.68
22.0,28.0,67.68
22.0,28.0,67.19
22.59,38.69,67.68
25.55,30.06,68.17
28.33,54.72,67.68
22.0,28.0,66.7
21.01,46.14,68.65
29.23,52.52,69.14
22.0,28.0,67.68
22.0,28.0,67.68
22.01,35.2,66.7
22.0,28.0,68.17
26.09,58.93,68.65
28.91,54.73,70.11
20.89,39.3,70.11
22.1,28.0,68.65
22.1,28.0,67.68
21.47,31.91,66.7
22.76,30.67,68.17
29.05,54.46,67.68
22.1,28.0,67.19
22.1,28.0,67.19
20.89,35.41,66.7
22.1,28.0,67.19
25.73,38.62,67.19
22.1,28.0,66.22
22.1,28.0,67.19
22.97,32.68,66.22
20.0,30.19,66.22
21.35,53.87,67.68
22.1,28.0,67.68
27.89,34.72,66.22
22.1,28.0,66.22
22.66,57.24,67.68
22.2,28.0,68.65
29.65,31.36,68.17
26.39,45.02,68.17
23.9,55.5,68.65
24.68,46.8,69.14
27.42,35.86,71.09
22.3,28.0,72.06
22.3,28.0,72.06
22.3,28.0,69.63
21.29,51.9,70.6
27.92,39.09,69.63
22.3,28.0,68.65
27.31,38.05,71.58
27.17,38.49,70.6
22.3,28.0,68.65
27.92,46.15,71.09
29.92,57.96,69.14
22.3,28.0,69.63
23.75,33.9,68.65
22.3,28.0,68.65
22.3,28.0,68.17
22.3,28.0,69.14
21.24,34.85,68.17
26.73,55.99,68.65
27.28,57.66,69.14
22.4,28.0,69.14
22.4,28.0,68.65
22.4,28.0,68.65
22.4,28.0,68.65
22.4,27.0,69.14
23.31,40.8,70.11
29.96,31.94,69.14
22.4,27.0,70.6
21.04,34.71,70.11
23.61,39.05,71.58
28.53,48.62,71.58
22.95,53.85,71.09
22.35,53.02,71.58
22.4,28.0,70.6
22.4,28.0,72.06
22.4,28.0,69.63
26.67,55.6,71.09
22.4,27.0,71.09
22.4,28.0,69.63
22.4,27.0,69.63
20.54,54.13,68.65
25.88,54.59,70.11
22.4,28.0,68.65
22.4,28.0,68.17
22.5,28.0,68.65
28.6,39.92,72.55
21.14,59.29,71.58
22.5,28.0,71.58
22.5,28.0,68.17
20.43,41.19,68.65
22.5,28.0,68.17
22.5,28.0,68.17
22.5,28.0,69.14
22.5,28.0,68.17
22.5,28.0,69.63
25.3,50.96,68.17
22.5,28.0,67.68
22.5,28.0,68.65
25.9,41.64,68.17
27.53,51.23,67.19
22.5,28.0,67.68
23.28,40.35,68.65
21.29,58.92,67.68
22.5,28.0,68.17
22.5,28.0,68.65
20.0,57.22,70.6
29.09,41.75,70.11
24.62,52.92,72.06
22.5,28.0,69.14
29.14,36.34,69.14
26.95,47.57,70.6
25.11,39.41,70.6
22.5,27.0,70.11
22.5,27.0,72.06
24.88,47.25,71.58
22.5,28.0,72.55
25.46,51.33,71.58
28.52,57.32,71.58
22.5,28.0,71.09
22.5,27.0,70.11
22.5,27.0,70.6
22.32,59.02,71.09
20.77,40.08,71.58
21.01,35.25,70.6
24.93,31.19,71.58
22.35,49.8,70.6
24.74,40.19,73.04
22.5,28.0,70.6
24.36,52.73,72.06
22.5,28.0,71.09
24.98,45.89,72.06
26.7,52.29,72.06
22.5,27.0,71.58
22.5,28.0,71.58
22.5,27.0,70.11
26.44,47.08,68.65
22.5,27.0,70.6
21.78,40.81,70.11
22.5,27.0,69.63
20.43,41.11,70.11
22.5,27.0,68.65
22.5,27.0,69.63
28.09,55.41,69.63
26.19,53.32,73.04
28.81,40.11,72.06
22.5,27.0,69.63
22.5,27.0,70.11
28.05,36.06,69.63
24.07,48.31,70.11
22.5,27.0,68.65
22.5,27.0,70.6
22.5,28.0,69.63
23.35,34.43,69.63
22.5,27.0,71.58
25.04,53.04,71.58
26.48,50.37,71.09
24.86,35.84,71.09
27.69,38.97,71.09
23.65,36.88,71.09
27.51,58.14,73.04
22.5,27.0,70.11
22.5,27.0,70.11
23.76,50.0,69.14
22.5,27.0,70.11
22.5,28.0,69.14
22.5,27.0,70.6
22.5,27.0,70.6
22.5,28.0,70.11
28.83,57.24,71.09
22.4,48.58,73.04
23.15,59.71,74.01
28.61,54.13,73.52
22.5,28.0,73.04
28.37,40.86,71.58
22.5,28.0,70.11
22.5,27.0,69.14
26.76,52.29,71.09
22.5,27.0,69.14
25.67,48.74,73.04
27.98,43.43,73.52
20.69,42.19,74.01
23.68,41.73,73.04
22.5,27.0,71.09
20.42,52.22,71.58
21.79,38.87,72.06
22.89,33.87,71.58
22.5,27.0,71.09
22.09,40.68,73.04
26.41,58.22,74.01
22.5,27.0,75.47
22.5,27.0,71.58
25.79,41.41,69.63
22.6,27.0,70.6
21.55,50.53,71.58
22.5,27.0,70.11
22.5,27.0,70.11
22.5,27.0,70.6
22.5,27.0,70.6
22.5,27.0,69.14
22.5,27.0,70.6
22.5,27.0,68.65
22.5,27.0,69.14
22.5,27.0,68.17
20.16,47.72,69.14
22.5,27.0,68.65
27.84,57.75,69.14
22.5,28.0,67.68
22.5,27.0,68.65
22.5,27.0,69.14
22.5,27.0,69.14
22.5,27.0,67.68
21.7,55.56,69.63
22.5,27.0,69.14
29.46,33.11,68.65
22.5,27.0,68.65
23.41,43.82,68.65
24.0,36.63,68.65
26.79,48.27,69.63
27.08,31.56,68.65
22.5,27.0,68.17
22.5,27.0,68.65
22.5,27.0,68.17
22.5,27.0,68.17
22.5,27.0,69.14
22.5,27.0,68.65
26.1,52.73,67.19
22.5,27.0,67.68
28.89,50.66,67.68
22.1,36.12,68.17
22.5,27.0,67.19
22.5,27.0,67.19
22.5,28.0,67.19
22.5,27.0,67.19
25.7,35.1,67.68
25.0,53.92,66.7
23.49,59.02,67.19
20.75,49.72,68.65
28.66,37.47,67.19
21.08,55.24,69.14
20.88,45.92,69.14
21.45,47.91,68.17
22.5,27.0,68.17
22.5,27.0,67.19
22.5,28.0,67.68
22.5,28.0,68.17
22.5,27.0,69.14
22.5,27.0,67.68
22.5,28.0,68.17
22.5,28.0,68.65
23.89,34.2,67.68
22.5,28.0,67.19
22.5,27.0,67.68
26.66,37.84,67.19
22.5,27.0,67.68
22.5,28.0,67.19
26.0,39.37,67.68
20.61,42.04,68.17
28.67,35.05,67.68
22.5,28.0,67.68
22.5,27.0,66.7
21.6,43.14,67.19
28.38,40.51,67.68
22.5,27.0,67.68
22.5,28.0,67.19
25.16,44.58,66.7
22.5,27.0,69.14
24.07,30.63,66.7
25.61,48.34,67.68
22.5,27.0,66.22
22.5,28.0,67.68
22.5,27.0,66.7
22.5,27.0,66.7
22.5,27.0,67.68
24.32,49.76,67.19
27.54,49.04,67.68
22.5,27.0,67.19
22.5,27.0,67.19
22.5,27.0,68.17
22.5,28.0,67.68
26.29,47.06,67.19
22.5,28.0,66.7
29.9,39.92,68.17
22.5,28.0,67.68
24.74,34.65,67.19
22.5,28.0,67.19
20.57,54.34,66.7
26.15,44.09,68.17
22.5,28.0,67.19
22.5,28.0,67.68
22.5,28.0,66.7
22.5,28.0,66.7
22.5,28.0,67.68
22.5,28.0,68.17
25.34,34.18,67.68
27.27,47.21,67.19
26.87,45.28,66.7
23.22,51.72,66.7
26.64,49.15,67.68
20.38,39.4,68.17
26.21,45.31,66.7
22.6,28.0,67.19
22.92,47.2,67.68
29.72,42.57,67.68
22.6,28.0,66.22
22.6,28.0,67.19
20.35,32.98,67.19
22.6,27.0,66.7
22.6,28.0,68.17
26.32,31.4,67.19
22.6,28.0,68.17
22.6,27.0,67.19
22.6,27.0,66.7
29.89,45.94,67.19
20.52,33.67,66.22
22.6,28.0,67.19
22.6,27.0,66.7
22.6,27.0,66.7
22.6,27.0,66.22
22.6,27.0,66.7
27.59,56.08,67.19
22.6,27.0,67.19
22.6,27.0,66.22
22.6,27.0,65.73
22.6,27.0,66.22
22.6,27.0,67.19
22.6,27.0,66.22
22.6,27.0,67.19
22.6,28.0,66.7
28.57,52.83,66.7
28.14,32.17,66.22
22.32,38.05,66.22
22.5,27.0,66.7
22.5,27.0,67.68
22.5,28.0,67.68
22.5,28.0,67.19
22.5,28.0,67.19
22.5,27.0,66.7
23.7,44.03,66.7
25.81,49.92,67.19
23.31,31.61,67.19
22.7,64.0,66.7
23.4,90.0,66.7
29.76,33.2,66.22
25.5,95.0,66.22
26.45,39.14,67.68
27.2,95.0,66.22
27.9,95.0,67.68
28.7,95.0,66.22
29.1,95.0,67.19
29.6,93.0,66.7
29.88,50.43,66.22
30.5,86.0,67.19
26.75,42.1,67.19
25.74,47.31,66.22
28.02,48.99,66.22
25.57,49.71,67.19
21.87,58.59,66.22
31.6,24.0,67.19
31.4,22.0,67.19
31.2,22.0,67.19
31.0,21.0,67.19
30.7,20.0,66.22
30.4,20.0,66.7
30.2,20.0,67.19
24.93,48.76,66.7
27.72,53.34,67.19
29.5,21.0,66.7
29.3,21.0,67.19
29.1,21.0,66.22
28.8,20.0,66.7
28.7,21.0,66.22
28.4,21.0,67.19
25.84,42.56,66.22
24.52,47.67,65.73
27.9,21.0,66.22
27.7,21.0,67.19
27.5,21.0,68.17
24.26,44.75,66.22
27.2,21.0,66.7
27.0,22.0,66.22
27.18,58.28,65.73
26.7,22.0,66.7
26.6,22.0,65.73
26.4,23.0,64.76
26.2,23.0,66.22
20.43,52.49,65.73
26.0,23.0,65.73
25.9,22.0,65.24
28.19,55.91,67.19
25.7,23.0,65.24
25.6,23.0,66.7
25.5,23.0,65.73
25.3,23.0,66.7
25.2,23.0,66.22
25.1,23.0,65.24
23.3,32.6,65.73
25.0,24.0,64.76
27.06,53.56,66.22
24.8,24.0,65.73
24.7,24.0,65.73
24.6,24.0,64.76
24.6,24.0,66.22
24.4,24.0,65.24
24.4,24.0,66.7
24.3,25.0,66.22
23.14,44.89,64.76
24.2,25.0,65.24
24.1,25.0,65.73
26.46,34.33,65.73
24.0,25.0,64.76
24.0,25.0,64.76
23.9,25.0,66.22
23.9,26.0,65.24
23.9,26.0,65.24
23.8,26.0,66.22
23.8,26.0,65.73
21.72,30.69,65.24
23.7,26.0,67.68
27.94,48.01,67.68
28.83,30.44,67.68
23.5,26.0,67.19
26.4,34.62,65.73
23.5,26.0,66.22
20.84,31.87,66.22
23.4,26.0,65.24
23.4,26.0,67.19
23.3,26.0,66.7
21.31,30.79,66.22
25.54,38.34,65.73
23.2,27.0,66.22
23.2,27.0,66.7
23.2,27.0,66.7
23.2,27.0,65.73
29.47,41.19,66.22
23.1,27.0,66.22
23.1,27.0,66.22
23.1,27.0,66.7
23.0,27.0,65.73
23.0,27.0,65.73
26.26,53.75,65.73
23.0,27.0,65.24
23.0,27.0,65.73
22.9,28.0,65.24
21.8,56.28,65.24
26.37,46.62,65.24
29.97,53.93,65.73
22.9,27.0,66.22
22.8,27.0,65.73
22.8,27.0,65.24
22.8,27.0,66.22
22.8,27.0,66.7
22.8,28.0,66.22
22.7,28.0,66.7
22.7,28.0,65.24
22.7,28.0,66.22
22.7,28.0,65.73
22.6,28.0,66.22
22.6,28.0,65.73
27.89,55.59,65.73
22.6,28.0,66.22
22.6,28.0,65.73
23.25,57.48,65.73
22.6,28.0,65.73
25.46,49.59,66.22
22.5,28.0,65.73
22.5,28.0,65.73
29.25,55.07,65.24
22.5,28.0,65.73
22.5,28.0,65.24
22.5,28.0,65.73
29.89,43.12,65.24
22.5,28.0,66.7
20.59,53.73,65.73
22.5,28.0,65.73
22.5,28.0,66.22
22.5,28.0,64.76
22.5,28.0,66.22
22.4,28.0,67.68
22.4,28.0,68.17
24.85,41.79,67.19
28.84,42.37,66.7
22.4,28.0,68.17
21.62,32.41,67.68
22.4,28.0,67.19
22.4,28.0,67.68
21.71,57.72,66.7
20.49,38.41,67.19
22.3,28.0,66.7
26.58,30.15,67.19
22.3,28.0,67.19
22.3,28.0,67.19
25.0,32.5,67.68
22.3,28.0,66.22
27.83,55.99,66.22
22.2,28.0,65.73
22.2,28.0,67.19
22.2,28.0,67.68
25.38,59.67,66.22
22.2,29.0,66.7
22.2,29.0,66.22
22.2,29.0,67.68
22.2,29.0,65.73
22.2,29.0,66.7
22.2,29.0,67.19
22.2,29.0,67.19
21.64,37.07,67.19
22.2,29.0,66.7
22.2,28.0,67.19
22.2,29.0,66.7
22.2,29.0,65.24
22.2,28.0,64.76
29.86,53.19,65.73
22.2,29.0,65.24
22.2,28.0,64.76
22.2,29.0,65.73
22.2,29.0,65.73
22.2,29.0,65.24
21.56,48.04,65.24
23.26,53.02,66.22
22.2,29.0,66.22
22.1,29.0,66.22
29.14,54.23,67.68
22.1,29.0,65.73
22.1,29.0,66.22
22.1,29.0,66.22
22.1,29.0,65.24
22.1,29.0,65.73
27.14,55.53,66.22
22.1,29.0,64.76
22.1,29.0,65.24
22.1,29.0,64.27
22.1,29.0,64.76
22.1,29.0,65.73
22.1,29.0,64.76
22.1,29.0,65.24
22.1,29.0,64.76
22.1,29.0,65.24
23.62,53.31,64.76
22.1,29.0,65.24
29.79,34.4,65.24
20.53,52.76,67.68
22.1,29.0,65.24
21.61,49.45,65.24
22.0,29.0,65.73
22.0,29.0,66.22
21.64,49.46,64.76
22.0,29.0,65.24
22.0,29.0,66.22
22.0,29.0,65.73
22.0,29.0,64.27
22.0,29.0,66.22
22.0,29.0,64.27
22.0,29.0,65.73
28.05,49.14,65.24
24.89,53.05,65.24
22.0,29.0,65.24
23.32,50.58,65.73
21.16,31.55,66.22
22.0,29.0,65.24
21.28,37.41,66.22
22.0,29.0,65.73
22.0,29.0,64.76
22.0,29.0,65.24
24.66,49.83,65.24
22.0,29.0,65.24
28.65,55.1,65.24
21.42,45.14,64.27
22.0,29.0,65.24
22.0,29.0,65.73
22.0,29.0,64.76
22.1,29.0,65.73
22.0,29.0,65.24
22.0,29.0,64.76
22.0,29.0,65.24
22.0,29.0,65.24
22.0,29.0,64.27
24.82,43.28,64.76
22.0,29.0,65.24
22.66,59.09,64.76
21.63,35.24,65.24
22.0,29.0,64.76
29.3,47.26,65.24
22.0,29.0,64.76
27.46,58.76,66.22
23.48,42.65,65.24
22.0,29.0,64.27
21.76,34.75,64.76
22.0,29.0,65.24
22.89,35.75,64.76
22.0,29.0,64.76
25.11,37.06,65.24
27.43,41.64,65.24
22.0,29.0,64.76
22.0,29.0,66.22
22.0,29.0,64.76
23.31,44.94,65.24
22.0,29.0,65.73
22.0,29.0,64.76
22.98,56.16,64.76
28.88,35.87,66.22
20.14,54.35,67.19
22.0,29.0,67.19
25.45,39.83,65.24
20.33,33.5,66.22
22.0,29.0,65.73
22.0,29.0,64.76
22.0,29.0,65.73
22.0,29.0,65.24
24.32,53.03,64.76
29.74,34.51,66.22
22.0,29.0,66.7
24.57,59.79,65.24
29.43,44.14,65.24
24.07,47.74,65.24
22.0,29.0,65.73
23.11,52.27,65.73
22.0,29.0,65.24
22.0,29.0,66.22
22.0,29.0,65.73
22.0,29.0,65.73
23.31,51.58,65.24
22.0,29.0,65.24
22.0,29.0,65.24
22.0,29.0,65.73
23.23,36.17,64.76
22.0,29.0,65.24
22.0,29.0,64.76
28.47,55.64,64.27
22.69,41.56,65.24
22.0,29.0,64.76
20.77,33.79,65.24
22.0,29.0,65.24
28.05,42.79,64.27
21.17,34.04,65.73
22.0,29.0,65.24
22.0,29.0,64.76
22.0,29.0,65.24
20.65,46.8,64.76
24.19,49.73,65.24
22.0,29.0,65.24
22.0,29.0,65.24
22.0,29.0,64.76
21.91,33.52,65.24
22.0,29.0,63.78
22.0,29.0,65.24
22.0,29.0,64.76
22.0,29.0,63.78
22.0,29.0,64.76
22.0,29.0,64.27
22.0,29.0,64.76
22.0,29.0,63.78
24.87,39.89,64.76
22.0,29.0,65.73
22.0,29.0,64.76
22.0,29.0,66.7
22.0,29.0,65.73
22.0,29.0,66.7
27.31,41.12,66.7
26.14,59.87,65.73
22.0,29.0,66.7
22.0,29.0,66.22
22.0,29.0,67.68
22.0,29.0,66.7
21.07,57.08,66.22
22.0,29.0,66.22
22.0,29.0,67.19
22.0,29.0,66.7
22.0,29.0,66.7
29.81,56.61,65.73
22.0,29.0,66.7
23.68,49.45,66.22
24.26,33.26,66.7
28.53,52.65,65.73
22.0,29.0,65.73
22.0,29.0,66.22
22.0,29.0,65.73
22.0,29.0,66.22
22.0,29.0,66.7
20.35,43.5,66.22
22.1,29.0,65.73
22.0,29.0,66.22
22.1,29.0,64.76
22.1,29.0,65.24
22.1,29.0,65.73
22.1,29.0,65.24
23.26,32.93,64.27
27.39,45.27,63.78
21.37,53.65,66.22
21.83,52.93,66.22
21.66,34.46,66.7
22.0,29.0,66.7
22.0,29.0,66.22
22.0,29.0,66.7
25.21,34.42,66.22
22.0,29.0,66.22
28.96,51.69,65.73
25.61,33.07,65.24
22.0,29.0,65.73
26.43,40.47,66.22
22.0,29.0,65.24
24.17,33.06,66.7
22.0,29.0,65.73
22.0,29.0,66.7
20.5,32.1,64.27
22.0,29.0,64.76
23.23,37.37,64.27
22.39,34.79,63.78
22.0,29.0,63.78
22.0,29.0,63.3
22.0,29.0,63.78
29.15,54.19,64.76
22.0,29.0,65.73
22.0,29.0,64.27
22.0,29.0,63.78
22.0,29.0,63.78
26.69,57.76,64.27
22.0,29.0,63.78
22.0,29.0,64.76
22.0,29.0,63.78
22.0,29.0,64.76
22.0,29.0,64.76
22.0,29.0,64.27
29.3,59.38,65.73
29.8,32.63,65.73
26.38,55.28,64.76
25.06,51.85,63.3
22.0,29.0,65.24
29.15,55.34,64.27
22.0,29.0,64.27
21.59,39.22,64.76
22.0,29.0,64.27
21.9,28.0,63.3
22.0,29.0,64.27
22.0,29.0,64.76
22.0,29.0,64.27
21.9,28.0,65.24
21.9,28.0,65.73
25.37,31.24,64.27
21.9,28.0,65.24
21.9,28.0,64.76
21.9,28.0,64.76
21.9,28.0,64.76
21.9,28.0,64.27
21.43,56.2,64.76
21.9,28.0,65.24
26.97,31.68,64.27
25.3,45.56,63.78
22.0,29.0,64.27
27.56,53.58,64.27
21.9,28.0,64.76
21.9,29.0,64.76
21.8,29.0,66.22
21.8,29.0,65.24
21.8,29.0,64.27
21.9,28.0,65.24
21.9,28.0,63.78
21.9,28.0,64.76
29.85,58.93,64.76
21.9,28.0,65.24
21.8,28.0,64.27
28.07,59.06,63.3
21.9,28.0,65.24
21.8,28.0,64.76
29.17,40.28,64.27
21.8,28.0,63.78
21.8,28.0,64.76
26.23,45.7,63.78
21.8,28.0,64.76
28.43,44.97,64.76
21.9,28.0,64.76
21.8,28.0,64.76
21.8,28.0,64.27
21.8,28.0,63.78
28.85,36.35,64.27
21.9,28.0,64.76
21.9,28.0,64.27
27.16,47.5,64.76
21.9,28.0,64.76
26.18,31.18,64.27
21.8,28.0,64.76
21.9,28.0,64.27
27.25,48.14,67.19
20.85,36.19,66.22
21.9,28.0,65.73
21.55,43.11,64.76
21.8,29.0,64.27
21.8,28.0,65.24
21.8,28.0,65.73
24.23,57.52,64.76
21.9,28.0,64.27
21.9,28.0,65.24
21.9,28.0,64.27
21.8,28.0,65.24
21.8,28.0,63.78
21.8,28.0,63.78
21.8,28.0,63.78
21.8,28.0,65.24
21.8,28.0,64.27
21.8,28.0,63.78
21.8,28.0,64.27
21.8,28.0,64.27
21.8,28.0,63.78
21.8,28.0,64.27
21.8,28.0,64.76
24.04,41.78,64.76
21.8,28.0,64.27
21.8,28.0,65.24
21.8,28.0,64.27
21.8,28.0,63.78
22.23,32.11,64.76
21.8,28.0,64.76
21.8,28.0,64.27
22.42,37.14,64.76
21.8,28.0,64.76
21.8,28.0,64.27
28.31,53.1,64.27
21.8,28.0,65.73
22.79,38.98,63.78
27.88,37.85,64.27
27.81,36.47,63.3
21.04,39.36,64.27
22.03,43.78,64.76
21.8,28.0,64.76
21.9,28.0,64.27
